[0.000e+00 0.000e+00 1.030e+00 0.000e+00 1.030e+00 0.000e+00 0.000e+00
  0.000e+00 0.000e+00 0.000e+00 0.000e+00 0.000e+00 0.000e+00 0.000e+00
  0.000e+00 0.000e+00 2.060e+00 1.030e+00 4.120e+00 0.000e+00 0.000e+00
  0.000e+00 0.000e+00 0.000e+00 0.000e+00 0.000e+00 0.000e+00 0.000e+00
  0.000e+00 0.000e+00 0.000e+00 0.000e+00 0.000e+00 0.000e+00 0.000e+00
  0.000e+00 0.000e+00 0.000e+00 0.000e+00 0.000e+00 0.000e+00 0.000e+00
  0.000e+00 0.000e+00 0.000e+00 0.000e+00 0.000e+00 0.000e+00 0.000e+00
  0.000e+00 0.000e+00 1.149e+00 0.000e+00 0.000e+00 1.461e+00 3.000e+00
  1.900e+01 1.000e+00]
 [0.000e+00 0.000e+00 0.000e+00 0.000e+00 0.000e+00 2.700e-01 0.000e+00
  0.000e+00 0.000e+00 2.700e-01 0.000e+00 2.700e-01 0.000e+00 0.000e+00
  0.000e+00 2.700e-01 0.000e+00 0.000e+00 2.180e+00 0.000e+00 2.730e+00
  0.000e+00 0.000e+00 0.000e+00 2.700e-01 0.000e+00 0.000e+00 0.000e+00
  0.000e+00 0.000e+00 2.700e-01 0.000e+00 0.000e+00 0.000e+00 0.000e+00
  0.000e+00 0.000e+00 0.000e+00 0.000e+00 0.000e+00 0.000e+00 0.000e+00
  0.000e+00 0.000e+00 0.000e+00 0.000e+00 0.000e+00 0.000e+00 0.000e+00
  0.000e+00 0.000e+00 0.000e+00 0.000e+00 0.000e+00 2.593e+00 1.800e+01
  1.660e+02 0.000e+00]
 [4.100e-01 0.000e+00 6.100e-01 0.000e+00 4.100e-01 6.100e-01 0.000e+00
  8.200e-01 2.000e-01 2.000e-01 2.000e-01 1.440e+00 0.000e+00 0.000e+00
  0.000e+00 4.100e-01 1.030e+00 2.000e-01 1.650e+00 1.650e+00 3.090e+00
  0.000e+00 2.000e-01 6.100e-01 0.000e+00 0.000e+00 0.000e+00 0.000e+00
  0.000e+00 0.000e+00 0.000e+00 0.000e+00 0.000e+00 0.000e+00 0.000e+00
  0.000e+00 0.000e+00 0.000e+00 0.000e+00 0.000e+00 0.000e+00 0.000e+00
  0.000e+00 0.000e+00 0.000e+00 0.000e+00 0.000e+00 0.000e+00 0.000e+00
  9.900e-02 0.000e+00 1.689e+00 1.320e-01 0.000e+00 4.913e+00 1.020e+02
  5.650e+02 1.000e+00]
 [0.000e+00 0.000e+00 5.900e-01 0.000e+00 0.000e+00 0.000e+00 0.000e+00
  5.900e-01 0.000e+00 0.000e+00 0.000e+00 2.990e+00 0.000e+00 0.000e+00
  0.000e+00 0.000e+00 0.000e+00 0.000e+00 1.190e+00 0.000e+00 0.000e+00
  0.000e+00 0.000e+00 0.000e+00 1.190e+00 5.900e-01 0.000e+00 0.000e+00
  0.000e+00 0.000e+00 5.900e-01 0.000e+00 0.000e+00 0.000e+00 0.000e+00
  0.000e+00 0.000e+00 0.000e+00 0.000e+00 0.000e+00 0.000e+00 0.000e+00
  0.000e+00 0.000e+00 0.000e+00 0.000e+00 0.000e+00 0.000e+00 0.000e+00
  3.910e-01 0.000e+00 0.000e+00 0.000e+00 0.000e+00 1.836e+00 7.000e+00
  9.000e+01 0.000e+00]
 [0.000e+00 0.000e+00 0.000e+00 0.000e+00 6.000e-01 0.000e+00 0.000e+00
  0.000e+00 0.000e+00 0.000e+00 0.000e+00 6.000e-01 0.000e+00 0.000e+00
  0.000e+00 0.000e+00 0.000e+00 0.000e+00 3.010e+00 0.000e+00 0.000e+00
  0.000e+00 0.000e+00 0.000e+00 0.000e+00 0.000e+00 1.800e+00 0.000e+00
  0.000e+00 0.000e+00 0.000e+00 6.000e-01 0.000e+00 6.000e-01 0.000e+00
  0.000e+00 6.000e-01 0.000e+00 6.000e-01 0.000e+00 0.000e+00 0.000e+00
  6.000e-01 0.000e+00 1.200e+00 0.000e+00 0.000e+00 0.000e+00 0.000e+00
  8.500e-02 8.500e-02 8.500e-02 0.000e+00 0.000e+00 1.735e+00 2.200e+01
  9.200e+01 0.000e+00]
 [0.000e+00 0.000e+00 8.000e-01 0.000e+00 0.000e+00 0.000e+00 0.000e+00
  0.000e+00 0.000e+00 0.000e+00 0.000e+00 8.000e-01 0.000e+00 0.000e+00
  0.000e+00 0.000e+00 0.000e+00 0.000e+00 4.800e+00 0.000e+00 1.600e+00
  0.000e+00 0.000e+00 0.000e+00 0.000e+00 0.000e+00 0.000e+00 0.000e+00
  0.000e+00 0.000e+00 0.000e+00 0.000e+00 0.000e+00 0.000e+00 0.000e+00
  0.000e+00 0.000e+00 0.000e+00 0.000e+00 0.000e+00 0.000e+00 0.000e+00
  0.000e+00 8.000e-01 0.000e+00 0.000e+00 0.000e+00 0.000e+00 0.000e+00
  0.000e+00 0.000e+00 0.000e+00 0.000e+00 0.000e+00 1.000e+00 1.000e+00
  1.100e+01 0.000e+00]
 [1.300e-01 0.000e+00 2.000e-01 0.000e+00 5.400e-01 1.300e-01 0.000e+00
  1.300e-01 4.000e-01 0.000e+00 0.000e+00 6.000e-02 6.000e-02 0.000e+00
  0.000e+00 0.000e+00 1.010e+00 0.000e+00 0.000e+00 0.000e+00 0.000e+00
  0.000e+00 0.000e+00 0.000e+00 1.080e+00 0.000e+00 0.000e+00 6.000e-02
  0.000e+00 0.000e+00 0.000e+00 0.000e+00 0.000e+00 0.000e+00 0.000e+00
  0.000e+00 4.000e-01 0.000e+00 0.000e+00 0.000e+00 0.000e+00 0.000e+00
  0.000e+00 0.000e+00 6.000e-02 0.000e+00 0.000e+00 0.000e+00 9.000e-03
  6.800e-02 0.000e+00 0.000e+00 1.660e-01 0.000e+00 2.804e+00 4.500e+01
  6.170e+02 0.000e+00]
 [0.000e+00 0.000e+00 0.000e+00 0.000e+00 0.000e+00 0.000e+00 0.000e+00
  0.000e+00 0.000e+00 0.000e+00 6.100e-01 6.100e-01 0.000e+00 0.000e+00
  0.000e+00 0.000e+00 0.000e+00 0.000e+00 0.000e+00 0.000e+00 0.000e+00
  0.000e+00 0.000e+00 0.000e+00 1.850e+00 0.000e+00 0.000e+00 0.000e+00
  0.000e+00 6.100e-01 0.000e+00 0.000e+00 6.100e-01 0.000e+00 0.000e+00
  6.100e-01 6.100e-01 0.000e+00 0.000e+00 0.000e+00 0.000e+00 6.100e-01
  0.000e+00 0.000e+00 0.000e+00 0.000e+00 0.000e+00 0.000e+00 1.790e-01
  0.000e+00 0.000e+00 0.000e+00 0.000e+00 0.000e+00 1.240e+00 6.000e+00
  6.700e+01 0.000e+00]
 [0.000e+00 0.000e+00 1.810e+00 0.000e+00 2.010e+00 0.000e+00 0.000e+00
  0.000e+00 0.000e+00 0.000e+00 2.000e-01 0.000e+00 0.000e+00 0.000e+00
  0.000e+00 4.000e-01 0.000e+00 2.000e-01 3.620e+00 0.000e+00 8.000e-01
  0.000e+00 0.000e+00 0.000e+00 0.000e+00 0.000e+00 0.000e+00 0.000e+00
  0.000e+00 0.000e+00 0.000e+00 0.000e+00 0.000e+00 0.000e+00 0.000e+00
  0.000e+00 0.000e+00 0.000e+00 0.000e+00 0.000e+00 0.000e+00 0.000e+00
  0.000e+00 0.000e+00 4.000e-01 0.000e+00 0.000e+00 0.000e+00 0.000e+00
  0.000e+00 0.000e+00 3.010e-01 0.000e+00 0.000e+00 1.576e+00 1.700e+01
  1.640e+02 0.000e+00]
 [0.000e+00 0.000e+00 0.000e+00 0.000e+00 0.000e+00 0.000e+00 0.000e+00
  0.000e+00 0.000e+00 0.000e+00 0.000e+00 0.000e+00 0.000e+00 0.000e+00
  0.000e+00 0.000e+00 0.000e+00 0.000e+00 6.250e+00 0.000e+00 0.000e+00
  0.000e+00 0.000e+00 0.000e+00 0.000e+00 0.000e+00 6.250e+00 0.000e+00
  0.000e+00 0.000e+00 0.000e+00 0.000e+00 6.250e+00 0.000e+00 0.000e+00
  0.000e+00 0.000e+00 0.000e+00 0.000e+00 0.000e+00 0.000e+00 0.000e+00
  0.000e+00 0.000e+00 6.250e+00 0.000e+00 0.000e+00 0.000e+00 0.000e+00
  0.000e+00 0.000e+00 0.000e+00 0.000e+00 0.000e+00 1.285e+00 3.000e+00
9.000e+00 0.000e+00]
