[0.000e+00 0.000e+00 0.000e+00 0.000e+00 0.000e+00 0.000e+00 0.000e+00
 0.000e+00 3.000e-01 0.000e+00 0.000e+00 3.000e-01 0.000e+00 1.820e+00
 0.000e+00 0.000e+00 3.000e-01 0.000e+00 6.000e-01 0.000e+00 9.100e-01
 0.000e+00 0.000e+00 0.000e+00 0.000e+00 0.000e+00 1.510e+00 0.000e+00
 0.000e+00 0.000e+00 0.000e+00 0.000e+00 0.000e+00 0.000e+00 0.000e+00
 0.000e+00 0.000e+00 0.000e+00 0.000e+00 0.000e+00 0.000e+00 1.210e+00
 0.000e+00 0.000e+00 0.000e+00 0.000e+00 1.510e+00 0.000e+00 0.000e+00
 5.700e-02 0.000e+00 0.000e+00 0.000e+00 2.310e-01 2.011e+00 2.800e+01
 3.580e+02 0.000e+00]
[1.9000e-01 0.0000e+00 3.8000e-01 0.0000e+00 0.0000e+00 1.9000e-01
 0.0000e+00 0.0000e+00 0.0000e+00 0.0000e+00 1.9000e-01 1.9000e-01
 0.0000e+00 0.0000e+00 0.0000e+00 3.8000e-01 0.0000e+00 1.9000e-01
 1.1400e+00 0.0000e+00 3.8000e-01 0.0000e+00 0.0000e+00 0.0000e+00
 0.0000e+00 0.0000e+00 0.0000e+00 0.0000e+00 0.0000e+00 0.0000e+00
 0.0000e+00 0.0000e+00 0.0000e+00 0.0000e+00 0.0000e+00 0.0000e+00
 0.0000e+00 0.0000e+00 0.0000e+00 0.0000e+00 0.0000e+00 0.0000e+00
 0.0000e+00 0.0000e+00 0.0000e+00 0.0000e+00 0.0000e+00 0.0000e+00
 1.0000e-02 1.0000e-02 0.0000e+00 0.0000e+00 0.0000e+00 3.0000e-03
 2.3830e+00 2.1000e+01 1.5841e+04 1.0000e+00]
[0.00000e+00 0.00000e+00 0.00000e+00 4.00000e-02 0.00000e+00 0.00000e+00
 0.00000e+00 0.00000e+00 0.00000e+00 0.00000e+00 0.00000e+00 0.00000e+00
 0.00000e+00 0.00000e+00 0.00000e+00 2.00000e-02 0.00000e+00 0.00000e+00
 2.00000e-02 0.00000e+00 0.00000e+00 0.00000e+00 0.00000e+00 0.00000e+00
 0.00000e+00 0.00000e+00 0.00000e+00 0.00000e+00 0.00000e+00 0.00000e+00
 0.00000e+00 0.00000e+00 0.00000e+00 0.00000e+00 0.00000e+00 0.00000e+00
 0.00000e+00 0.00000e+00 0.00000e+00 0.00000e+00 0.00000e+00 0.00000e+00
 0.00000e+00 0.00000e+00 0.00000e+00 0.00000e+00 0.00000e+00 0.00000e+00
 1.02400e+00 9.75200e+00 3.00000e-03 1.54200e+00 1.78500e+00 1.99800e+00
 2.39571e+02 9.98900e+03 1.00620e+04 1.00000e+00]
[2.9000e-01 4.0000e-02 4.0000e-02 0.0000e+00 1.4000e-01 4.0000e-02
 0.0000e+00 2.9000e-01 2.9000e-01 9.4000e-01 1.4000e-01 4.0000e-02
 1.4000e-01 0.0000e+00 1.9000e-01 4.0000e-02 3.9000e-01 1.9000e-01
 1.6000e+00 4.0000e-02 7.9000e-01 9.5300e+00 6.9000e-01 4.7000e-01
 0.0000e+00 0.0000e+00 0.0000e+00 0.0000e+00 0.0000e+00 0.0000e+00
 0.0000e+00 0.0000e+00 0.0000e+00 0.0000e+00 0.0000e+00 4.0000e-02
 0.0000e+00 0.0000e+00 4.0000e-02 0.0000e+00 0.0000e+00 0.0000e+00
 0.0000e+00 0.0000e+00 1.9000e-01 0.0000e+00 0.0000e+00 0.0000e+00
 1.1170e+00 5.3000e-02 0.0000e+00 3.5600e-01 9.0000e-02 1.1000e-02
 1.2332e+01 1.1710e+03 9.1630e+03 1.0000e+00]
[0.0000e+00 0.0000e+00 2.8000e-01 0.0000e+00 1.6000e-01 1.8000e-01
 0.0000e+00 0.0000e+00 0.0000e+00 0.0000e+00 2.0000e-02 9.0000e-02
 1.1000e-01 0.0000e+00 0.0000e+00 0.0000e+00 0.0000e+00 0.0000e+00
 1.4000e-01 0.0000e+00 2.0000e-02 0.0000e+00 0.0000e+00 4.0000e-02
 0.0000e+00 0.0000e+00 0.0000e+00 0.0000e+00 0.0000e+00 0.0000e+00
 0.0000e+00 0.0000e+00 0.0000e+00 7.0000e-02 0.0000e+00 0.0000e+00
 0.0000e+00 0.0000e+00 2.0000e-02 0.0000e+00 0.0000e+00 0.0000e+00
 0.0000e+00 0.0000e+00 0.0000e+00 0.0000e+00 0.0000e+00 0.0000e+00
 0.0000e+00 1.1600e-01 2.1000e-02 3.4000e-02 0.0000e+00 0.0000e+00
 1.6587e+01 1.5400e+02 9.0900e+03 1.0000e+00]
[0.0000e+00 0.0000e+00 2.8000e-01 0.0000e+00 1.6000e-01 1.8000e-01
 0.0000e+00 0.0000e+00 0.0000e+00 0.0000e+00 2.0000e-02 9.0000e-02
 1.1000e-01 0.0000e+00 0.0000e+00 0.0000e+00 0.0000e+00 0.0000e+00
 1.4000e-01 0.0000e+00 2.0000e-02 0.0000e+00 0.0000e+00 4.0000e-02
 0.0000e+00 0.0000e+00 0.0000e+00 0.0000e+00 0.0000e+00 0.0000e+00
 0.0000e+00 0.0000e+00 0.0000e+00 7.0000e-02 0.0000e+00 0.0000e+00
 0.0000e+00 0.0000e+00 2.0000e-02 0.0000e+00 0.0000e+00 0.0000e+00
 0.0000e+00 0.0000e+00 0.0000e+00 0.0000e+00 0.0000e+00 0.0000e+00
 0.0000e+00 1.1600e-01 2.1000e-02 3.0000e-02 0.0000e+00 0.0000e+00
 1.6644e+01 1.5400e+02 9.0880e+03 1.0000e+00]
[0.000e+00 0.000e+00 0.000e+00 0.000e+00 0.000e+00 0.000e+00 0.000e+00
 0.000e+00 0.000e+00 0.000e+00 0.000e+00 0.000e+00 0.000e+00 0.000e+00
 0.000e+00 0.000e+00 0.000e+00 0.000e+00 0.000e+00 0.000e+00 0.000e+00
 0.000e+00 0.000e+00 0.000e+00 0.000e+00 0.000e+00 0.000e+00 0.000e+00
 0.000e+00 0.000e+00 0.000e+00 0.000e+00 0.000e+00 0.000e+00 0.000e+00
 0.000e+00 0.000e+00 0.000e+00 0.000e+00 0.000e+00 0.000e+00 0.000e+00
 0.000e+00 0.000e+00 0.000e+00 0.000e+00 0.000e+00 0.000e+00 2.200e-02
 2.200e-02 1.900e-02 2.200e-02 2.200e-02 2.200e-02 3.482e+00 5.000e+00
 5.902e+03 0.000e+00]
[1.000e-02 1.000e-02 7.000e-02 0.000e+00 5.000e-02 0.000e+00 0.000e+00
 1.000e-02 3.000e-02 1.300e-01 5.000e-02 0.000e+00 0.000e+00 5.000e-02
 0.000e+00 0.000e+00 1.000e-02 7.000e-02 1.000e-02 0.000e+00 1.000e-02
 0.000e+00 0.000e+00 0.000e+00 0.000e+00 0.000e+00 0.000e+00 0.000e+00
 0.000e+00 0.000e+00 0.000e+00 0.000e+00 7.000e-02 0.000e+00 0.000e+00
 1.300e-01 0.000e+00 0.000e+00 0.000e+00 1.000e-02 4.600e-01 0.000e+00
 0.000e+00 3.000e-02 0.000e+00 8.000e-01 1.000e-02 7.000e-02 5.000e-02
 3.010e-01 1.310e-01 2.000e-03 9.000e-02 2.000e-03 2.577e+00 8.200e+01
 5.395e+03 0.000e+00]
[5.000e-01 2.500e-01 4.200e-01 0.000e+00 8.000e-02 2.300e-01 2.000e-02
 3.500e-01 3.500e-01 6.900e-01 2.100e-01 9.000e-01 5.000e-01 9.200e-01
 2.000e-02 3.300e-01 4.200e-01 2.000e-02 3.050e+00 0.000e+00 1.430e+00
 0.000e+00 9.400e-01 4.600e-01 0.000e+00 0.000e+00 0.000e+00 0.000e+00
 0.000e+00 0.000e+00 0.000e+00 0.000e+00 0.000e+00 0.000e+00 0.000e+00
 0.000e+00 0.000e+00 0.000e+00 0.000e+00 2.000e-02 0.000e+00 0.000e+00
 0.000e+00 0.000e+00 2.000e-02 0.000e+00 2.000e-02 0.000e+00 0.000e+00
 6.900e-02 0.000e+00 3.250e-01 5.230e-01 1.240e-01 6.723e+00 4.450e+02
 4.128e+03 1.000e+00]
[0.000e+00 0.000e+00 0.000e+00 0.000e+00 1.300e-01 0.000e+00 0.000e+00
 0.000e+00 0.000e+00 1.300e-01 0.000e+00 6.000e-02 0.000e+00 0.000e+00
 0.000e+00 0.000e+00 0.000e+00 0.000e+00 2.000e-01 0.000e+00 6.000e-02
 0.000e+00 0.000e+00 0.000e+00 0.000e+00 0.000e+00 0.000e+00 0.000e+00
 0.000e+00 0.000e+00 0.000e+00 0.000e+00 0.000e+00 0.000e+00 0.000e+00
 0.000e+00 0.000e+00 0.000e+00 0.000e+00 0.000e+00 0.000e+00 0.000e+00
 0.000e+00 0.000e+00 0.000e+00 0.000e+00 0.000e+00 0.000e+00 1.000e-02
 1.030e+00 0.000e+00 0.000e+00 1.611e+00 1.000e-02 7.549e+00 2.780e+02
 3.752e+03 1.000e+00]